1.85926E-02 0.0197002		    0.00755053
4.23532E-02 0.0385268		    0.0104848
7.06609E-02 0.034407		    0.012277
1.03878E-01 0.0591461		    0.0131707
1.42497E-01 0.044753		    0.0133186
1.87146E-01 0.0702175		    0.013003
2.38608E-01 0.0616764		    0.012213
2.97853E-01 0.0689523		    0.0113997
3.66075E-01 0.097134		    0.00974121
4.44755E-01 0.062158		    0.00743399
5.35731E-01 0.0800178		    0.0053461
6.41307E-01 0.117835		    0.00299495
7.64389E-01 0.088571		    0.00114734
9.08684E-01 0.0409353		    0.000278552
1.07897E+00 0.0146962		    4.36732e-05
1.28149E+00 0.00456151		    8.9722e-06
1.52452E+00 0.0024703		    2.12716e-06
1.81919E+00 0.00183162		    3.28599e-07
