8.86224E-04 0.00444956		    0.00178506
1.52947E-02 0.0235102		    0.00691954
3.24493E-02 0.0249276		    0.009703
5.24212E-02 0.0432809		    0.0111516
7.53468E-02 0.0355548		    0.0127298
1.01416E-01 0.0573719		    0.0128993
1.30868E-01 0.0459086		    0.0139314
1.63996E-01 0.0663796		    0.0132903
2.01150E-01 0.0620136		    0.0140557
2.42744E-01 0.0688583		    0.0127764
2.89269E-01 0.0851258		    0.0127155
3.41303E-01 0.0666517		    0.0104416
3.99531E-01 0.0908435		    0.00913612
4.64763E-01 0.0899415		    0.00699123
5.37963E-01 0.0686772		    0.00558555
6.20282E-01 0.0997175		    0.00354591
7.13102E-01 0.108494		    0.00200293
8.18094E-01 0.0755298		    0.000599891
9.37286E-01 0.0355549		    0.000203389
1.07317E+00 0.0137453		    8.00428e-05
1.22880E+00 0.00564433		    2.78652e-06
1.40802E+00 0.00301204		    8.54949e-06
1.61563E+00 0.0017857		    4.47299e-06
1.85775E+00 0.00151891		    7.69543e-06
