2.20053E-03 0.0165948		    0.0021155
1.33717E-02 0.0408717		    0.00488385
2.64104E-02 0.0566784		    0.00638273
4.13408E-02 0.0708133		    0.00737255
5.82219E-02 0.0818578		    0.00786686
7.71393E-02 0.0906997		    0.00804335
9.82025E-02 0.108679		    0.00801259
1.21544E-01 0.109428		    0.0076183
1.47320E-01 0.115912		    0.00693981
1.75713E-01 0.142074		    0.00610475
2.06932E-01 0.134009		    0.00533277
2.41219E-01 0.128508		    0.00406193
2.78850E-01 0.174612		    0.00291755
3.20142E-01 0.213284		    0.00186917
3.65461E-01 0.201458		    0.00103182
4.15224E-01 0.162541		    0.000440869
4.69914E-01 0.0864154		    7.45235e-05
